0123469
0123496
0123649
0123694
0123946
0123964
0124369
0124396
0124639
0124693
0124936
0124963
0126349
0126394
0126439
0126493
0126934
0126943
0129346
0129364
0129436
0129463
0129634
0129643
0132469
0132496
0132649
0132694
0132946
0132964
0134269
0134296
0134629
0134692
0134926
0134962
0136249
0136294
0136429
0136492
0136924
0136942
0139246
0139264
0139426
0139462
0139624
0139642
0142369
0142396
0142639
0142693
0142936
0142963
0143269
0143296
0143629
0143692
0143926
0143962
0146239
0146293
0146329
0146392
0146923
0146932
0149236
0149263
0149326
0149362
0149623
0149632
0162349
0162394
0162439
0162493
0162934
0162943
0163249
0163294
0163429
0163492
0163924
0163942
0164239
0164293
0164329
0164392
0164923
0164932
0169234
0169243
0169324
0169342
0169423
0169432
0192346
0192364
0192436
0192463
0192634
0192643
0193246
0193264
0193426
0193462
0193624
0193642
0194236
0194263
0194326
0194362
0194623
0194632
0196234
0196243
0196324
0196342
0196423
0196432
0213469
0213496
0213649
0213694
0213946
0213964
0214369
0214396
0214639
0214693
0214936
0214963
0216349
0216394
0216439
0216493
0216934
0216943
0219346
0219364
0219436
0219463
0219634
0219643
0231469
0231496
0231649
0231694
0231946
0231964
0234169
0234196
0234619
0234691
0234916
0234961
0236149
0236194
0236419
0236491
0236914
0236941
0239146
0239164
0239416
0239461
0239614
0239641
0241369
0241396
0241639
0241693
0241936
0241963
0243169
0243196
0243619
0243691
0243916
0243961
0246139
0246193
0246319
0246391
0246913
0246931
0249136
0249163
0249316
0249361
0249613
0249631
0261349
0261394
0261439
0261493
0261934
0261943
0263149
0263194
0263419
0263491
0263914
0263941
0264139
0264193
0264319
0264391
0264913
0264931
0269134
0269143
0269314
0269341
0269413
0269431
0291346
0291364
0291436
0291463
0291634
0291643
0293146
0293164
0293416
0293461
0293614
0293641
0294136
0294163
0294316
0294361
0294613
0294631
0296134
0296143
0296314
0296341
0296413
0296431
0312469
0312496
0312649
0312694
0312946
0312964
0314269
0314296
0314629
0314692
0314926
0314962
0316249
0316294
0316429
0316492
0316924
0316942
0319246
0319264
0319426
0319462
0319624
0319642
0321469
0321496
0321649
0321694
0321946
0321964
0324169
0324196
0324619
0324691
0324916
0324961
0326149
0326194
0326419
0326491
0326914
0326941
0329146
0329164
0329416
0329461
0329614
0329641
0341269
0341296
0341629
0341692
0341926
0341962
0342169
0342196
0342619
0342691
0342916
0342961
0346129
0346192
0346219
0346291
0346912
0346921
0349126
0349162
0349216
0349261
0349612
0349621
0361249
0361294
0361429
0361492
0361924
0361942
0362149
0362194
0362419
0362491
0362914
0362941
0364129
0364192
0364219
0364291
0364912
0364921
0369124
0369142
0369214
0369241
0369412
0369421
0391246
0391264
0391426
0391462
0391624
0391642
0392146
0392164
0392416
0392461
0392614
0392641
0394126
0394162
0394216
0394261
0394612
0394621
0396124
0396142
0396214
0396241
0396412
0396421
0412369
0412396
0412639
0412693
0412936
0412963
0413269
0413296
0413629
0413692
0413926
0413962
0416239
0416293
0416329
0416392
0416923
0416932
0419236
0419263
0419326
0419362
0419623
0419632
0421369
0421396
0421639
0421693
0421936
0421963
0423169
0423196
0423619
0423691
0423916
0423961
0426139
0426193
0426319
0426391
0426913
0426931
0429136
0429163
0429316
0429361
0429613
0429631
0431269
0431296
0431629
0431692
0431926
0431962
0432169
0432196
0432619
0432691
0432916
0432961
0436129
0436192
0436219
0436291
0436912
0436921
0439126
0439162
0439216
0439261
0439612
0439621
0461239
0461293
0461329
0461392
0461923
0461932
0462139
0462193
0462319
0462391
0462913
0462931
0463129
0463192
0463219
0463291
0463912
0463921
0469123
0469132
0469213
0469231
0469312
0469321
0491236
0491263
0491326
0491362
0491623
0491632
0492136
0492163
0492316
0492361
0492613
0492631
0493126
0493162
0493216
0493261
0493612
0493621
0496123
0496132
0496213
0496231
0496312
0496321
0612349
0612394
0612439
0612493
0612934
0612943
0613249
0613294
0613429
0613492
0613924
0613942
0614239
0614293
0614329
0614392
0614923
0614932
0619234
0619243
0619324
0619342
0619423
0619432
0621349
0621394
0621439
0621493
0621934
0621943
0623149
0623194
0623419
0623491
0623914
0623941
0624139
0624193
0624319
0624391
0624913
0624931
0629134
0629143
0629314
0629341
0629413
0629431
0631249
0631294
0631429
0631492
0631924
0631942
0632149
0632194
0632419
0632491
0632914
0632941
0634129
0634192
0634219
0634291
0634912
0634921
0639124
0639142
0639214
0639241
0639412
0639421
0641239
0641293
0641329
0641392
0641923
0641932
0642139
0642193
0642319
0642391
0642913
0642931
0643129
0643192
0643219
0643291
0643912
0643921
0649123
0649132
0649213
0649231
0649312
0649321
0691234
0691243
0691324
0691342
0691423
0691432
0692134
0692143
0692314
0692341
0692413
0692431
0693124
0693142
0693214
0693241
0693412
0693421
0694123
0694132
0694213
0694231
0694312
0694321
0912346
0912364
0912436
0912463
0912634
0912643
0913246
0913264
0913426
0913462
0913624
0913642
0914236
0914263
0914326
0914362
0914623
0914632
0916234
0916243
0916324
0916342
0916423
0916432
0921346
0921364
0921436
0921463
0921634
0921643
0923146
0923164
0923416
0923461
0923614
0923641
0924136
0924163
0924316
0924361
0924613
0924631
0926134
0926143
0926314
0926341
0926413
0926431
0931246
0931264
0931426
0931462
0931624
0931642
0932146
0932164
0932416
0932461
0932614
0932641
0934126
0934162
0934216
0934261
0934612
0934621
0936124
0936142
0936214
0936241
0936412
0936421
0941236
0941263
0941326
0941362
0941623
0941632
0942136
0942163
0942316
0942361
0942613
0942631
0943126
0943162
0943216
0943261
0943612
0943621
0946123
0946132
0946213
0946231
0946312
0946321
0961234
0961243
0961324
0961342
0961423
0961432
0962134
0962143
0962314
0962341
0962413
0962431
0963124
0963142
0963214
0963241
0963412
0963421
0964123
0964132
0964213
0964231
0964312
0964321
1023469
1023496
1023649
1023694
1023946
1023964
1024369
1024396
1024639
1024693
1024936
1024963
1026349
1026394
1026439
1026493
1026934
1026943
1029346
1029364
1029436
1029463
1029634
1029643
1032469
1032496
1032649
1032694
1032946
1032964
1034269
1034296
1034629
1034692
1034926
1034962
1036249
1036294
1036429
1036492
1036924
1036942
1039246
1039264
1039426
1039462
1039624
1039642
1042369
1042396
1042639
1042693
1042936
1042963
1043269
1043296
1043629
1043692
1043926
1043962
1046239
1046293
1046329
1046392
1046923
1046932
1049236
1049263
1049326
1049362
1049623
1049632
1062349
1062394
1062439
1062493
1062934
1062943
1063249
1063294
1063429
1063492
1063924
1063942
1064239
1064293
1064329
1064392
1064923
1064932
1069234
1069243
1069324
1069342
1069423
1069432
1092346
1092364
1092436
1092463
1092634
1092643
1093246
1093264
1093426
1093462
1093624
1093642
1094236
1094263
1094326
1094362
1094623
1094632
1096234
1096243
1096324
1096342
1096423
1096432
1203469
1203496
1203649
1203694
1203946
1203964
1204369
1204396
1204639
1204693
1204936
1204963
1206349
1206394
1206439
1206493
1206934
1206943
1209346
1209364
1209436
1209463
1209634
1209643
1230469
1230496
1230649
1230694
1230946
1230964
1234069
1234096
1234609
1234690
1234906
1234960
1236049
1236094
1236409
1236490
1236904
1236940
1239046
1239064
1239406
1239460
1239604
1239640
1240369
1240396
1240639
1240693
1240936
1240963
1243069
1243096
1243609
1243690
1243906
1243960
1246039
1246093
1246309
1246390
1246903
1246930
1249036
1249063
1249306
1249360
1249603
1249630
1260349
1260394
1260439
1260493
1260934
1260943
1263049
1263094
1263409
1263490
1263904
1263940
1264039
1264093
1264309
1264390
1264903
1264930
1269034
1269043
1269304
1269340
1269403
1269430
1290346
1290364
1290436
1290463
1290634
1290643
1293046
1293064
1293406
1293460
1293604
1293640
1294036
1294063
1294306
1294360
1294603
1294630
1296034
1296043
1296304
1296340
1296403
1296430
1302469
1302496
1302649
1302694
1302946
1302964
1304269
1304296
1304629
1304692
1304926
1304962
1306249
1306294
1306429
1306492
1306924
1306942
1309246
1309264
1309426
1309462
1309624
1309642
1320469
1320496
1320649
1320694
1320946
1320964
1324069
1324096
1324609
1324690
1324906
1324960
1326049
1326094
1326409
1326490
1326904
1326940
1329046
1329064
1329406
1329460
1329604
1329640
1340269
1340296
1340629
1340692
1340926
1340962
1342069
1342096
1342609
1342690
1342906
1342960
1346029
1346092
1346209
1346290
1346902
1346920
1349026
1349062
1349206
1349260
1349602
1349620
1360249
1360294
1360429
1360492
1360924
1360942
1362049
1362094
1362409
1362490
1362904
1362940
1364029
1364092
1364209
1364290
1364902
1364920
1369024
1369042
1369204
1369240
1369402
1369420
1390246
1390264
1390426
1390462
1390624
1390642
1392046
1392064
1392406
1392460
1392604
1392640
1394026
1394062
1394206
1394260
1394602
1394620
1396024
1396042
1396204
1396240
1396402
1396420
1402369
1402396
1402639
1402693
1402936
1402963
1403269
1403296
1403629
1403692
1403926
1403962
1406239
1406293
1406329
1406392
1406923
1406932
1409236
1409263
1409326
1409362
1409623
1409632
1420369
1420396
1420639
1420693
1420936
1420963
1423069
1423096
1423609
1423690
1423906
1423960
1426039
1426093
1426309
1426390
1426903
1426930
1429036
1429063
1429306
1429360
1429603
1429630
1430269
1430296
1430629
1430692
1430926
1430962
1432069
1432096
1432609
1432690
1432906
1432960
1436029
1436092
1436209
1436290
1436902
1436920
1439026
1439062
1439206
1439260
1439602
1439620
1460239
1460293
1460329
1460392
1460923
1460932
1462039
1462093
1462309
1462390
1462903
1462930
1463029
1463092
1463209
1463290
1463902
1463920
1469023
1469032
1469203
1469230
1469302
1469320
1490236
1490263
1490326
1490362
1490623
1490632
1492036
1492063
1492306
1492360
1492603
1492630
1493026
1493062
1493206
1493260
1493602
1493620
1496023
1496032
1496203
1496230
1496302
1496320
1602349
1602394
1602439
1602493
1602934
1602943
1603249
1603294
1603429
1603492
1603924
1603942
1604239
1604293
1604329
1604392
1604923
1604932
1609234
1609243
1609324
1609342
1609423
1609432
1620349
1620394
1620439
1620493
1620934
1620943
1623049
1623094
1623409
1623490
1623904
1623940
1624039
1624093
1624309
1624390
1624903
1624930
1629034
1629043
1629304
1629340
1629403
1629430
1630249
1630294
1630429
1630492
1630924
1630942
1632049
1632094
1632409
1632490
1632904
1632940
1634029
1634092
1634209
1634290
1634902
1634920
1639024
1639042
1639204
1639240
1639402
1639420
1640239
1640293
1640329
1640392
1640923
1640932
1642039
1642093
1642309
1642390
1642903
1642930
1643029
1643092
1643209
1643290
1643902
1643920
1649023
1649032
1649203
1649230
1649302
1649320
1690234
1690243
1690324
1690342
1690423
1690432
1692034
1692043
1692304
1692340
1692403
1692430
1693024
1693042
1693204
1693240
1693402
1693420
1694023
1694032
1694203
1694230
1694302
1694320
1902346
1902364
1902436
1902463
1902634
1902643
1903246
1903264
1903426
1903462
1903624
1903642
1904236
1904263
1904326
1904362
1904623
1904632
1906234
1906243
1906324
1906342
1906423
1906432
1920346
1920364
1920436
1920463
1920634
1920643
1923046
1923064
1923406
1923460
1923604
1923640
1924036
1924063
1924306
1924360
1924603
1924630
1926034
1926043
1926304
1926340
1926403
1926430
1930246
1930264
1930426
1930462
1930624
1930642
1932046
1932064
1932406
1932460
1932604
1932640
1934026
1934062
1934206
1934260
1934602
1934620
1936024
1936042
1936204
1936240
1936402
1936420
1940236
1940263
1940326
1940362
1940623
1940632
1942036
1942063
1942306
1942360
1942603
1942630
1943026
1943062
1943206
1943260
1943602
1943620
1946023
1946032
1946203
1946230
1946302
1946320
1960234
1960243
1960324
1960342
1960423
1960432
1962034
1962043
1962304
1962340
1962403
1962430
1963024
1963042
1963204
1963240
1963402
1963420
1964023
1964032
1964203
1964230
1964302
1964320
2013469
2013496
2013649
2013694
2013946
2013964
2014369
2014396
2014639
2014693
2014936
2014963
2016349
2016394
2016439
2016493
2016934
2016943
2019346
2019364
2019436
2019463
2019634
2019643
2031469
2031496
2031649
2031694
2031946
2031964
2034169
2034196
2034619
2034691
2034916
2034961
2036149
2036194
2036419
2036491
2036914
2036941
2039146
2039164
2039416
2039461
2039614
2039641
2041369
2041396
2041639
2041693
2041936
2041963
2043169
2043196
2043619
2043691
2043916
2043961
2046139
2046193
2046319
2046391
2046913
2046931
2049136
2049163
2049316
2049361
2049613
2049631
2061349
2061394
2061439
2061493
2061934
2061943
2063149
2063194
2063419
2063491
2063914
2063941
2064139
2064193
2064319
2064391
2064913
2064931
2069134
2069143
2069314
2069341
2069413
2069431
2091346
2091364
2091436
2091463
2091634
2091643
2093146
2093164
2093416
2093461
2093614
2093641
2094136
2094163
2094316
2094361
2094613
2094631
2096134
2096143
2096314
2096341
2096413
2096431
2103469
2103496
2103649
2103694
2103946
2103964
2104369
2104396
2104639
2104693
2104936
2104963
2106349
2106394
2106439
2106493
2106934
2106943
2109346
2109364
2109436
2109463
2109634
2109643
2130469
2130496
2130649
2130694
2130946
2130964
2134069
2134096
2134609
2134690
2134906
2134960
2136049
2136094
2136409
2136490
2136904
2136940
2139046
2139064
2139406
2139460
2139604
2139640
2140369
2140396
2140639
2140693
2140936
2140963
2143069
2143096
2143609
2143690
2143906
2143960
2146039
2146093
2146309
2146390
2146903
2146930
2149036
2149063
2149306
2149360
2149603
2149630
2160349
2160394
2160439
2160493
2160934
2160943
2163049
2163094
2163409
2163490
2163904
2163940
2164039
2164093
2164309
2164390
2164903
2164930
2169034
2169043
2169304
2169340
2169403
2169430
2190346
2190364
2190436
2190463
2190634
2190643
2193046
2193064
2193406
2193460
2193604
2193640
2194036
2194063
2194306
2194360
2194603
2194630
2196034
2196043
2196304
2196340
2196403
2196430
2301469
2301496
2301649
2301694
2301946
2301964
2304169
2304196
2304619
2304691
2304916
2304961
2306149
2306194
2306419
2306491
2306914
2306941
2309146
2309164
2309416
2309461
2309614
2309641
2310469
2310496
2310649
2310694
2310946
2310964
2314069
2314096
2314609
2314690
2314906
2314960
2316049
2316094
2316409
2316490
2316904
2316940
2319046
2319064
2319406
2319460
2319604
2319640
2340169
2340196
2340619
2340691
2340916
2340961
2341069
2341096
2341609
2341690
2341906
2341960
2346019
2346091
2346109
2346190
2346901
2346910
2349016
2349061
2349106
2349160
2349601
2349610
2360149
2360194
2360419
2360491
2360914
2360941
2361049
2361094
2361409
2361490
2361904
2361940
2364019
2364091
2364109
2364190
2364901
2364910
2369014
2369041
2369104
2369140
2369401
2369410
2390146
2390164
2390416
2390461
2390614
2390641
2391046
2391064
2391406
2391460
2391604
2391640
2394016
2394061
2394106
2394160
2394601
2394610
2396014
2396041
2396104
2396140
2396401
2396410
2401369
2401396
2401639
2401693
2401936
2401963
2403169
2403196
2403619
2403691
2403916
2403961
2406139
2406193
2406319
2406391
2406913
2406931
2409136
2409163
2409316
2409361
2409613
2409631
2410369
2410396
2410639
2410693
2410936
2410963
2413069
2413096
2413609
2413690
2413906
2413960
2416039
2416093
2416309
2416390
2416903
2416930
2419036
2419063
2419306
2419360
2419603
2419630
2430169
2430196
2430619
2430691
2430916
2430961
2431069
2431096
2431609
2431690
2431906
2431960
2436019
2436091
2436109
2436190
2436901
2436910
2439016
2439061
2439106
2439160
2439601
2439610
2460139
2460193
2460319
2460391
2460913
2460931
2461039
2461093
2461309
2461390
2461903
2461930
2463019
2463091
2463109
2463190
2463901
2463910
2469013
2469031
2469103
2469130
2469301
2469310
2490136
2490163
2490316
2490361
2490613
2490631
2491036
2491063
2491306
2491360
2491603
2491630
2493016
2493061
2493106
2493160
2493601
2493610
2496013
2496031
2496103
2496130
2496301
2496310
2601349
2601394
2601439
2601493
2601934
2601943
2603149
2603194
2603419
2603491
2603914
2603941
2604139
2604193
2604319
2604391
2604913
2604931
2609134
2609143
2609314
2609341
2609413
2609431
2610349
2610394
2610439
2610493
2610934
2610943
2613049
2613094
2613409
2613490
2613904
2613940
2614039
2614093
2614309
2614390
2614903
2614930
2619034
2619043
2619304
2619340
2619403
2619430
2630149
2630194
2630419
2630491
2630914
2630941
2631049
2631094
2631409
2631490
2631904
2631940
2634019
2634091
2634109
2634190
2634901
2634910
2639014
2639041
2639104
2639140
2639401
2639410
2640139
2640193
2640319
2640391
2640913
2640931
2641039
2641093
2641309
2641390
2641903
2641930
2643019
2643091
2643109
2643190
2643901
2643910
2649013
2649031
2649103
2649130
2649301
2649310
2690134
2690143
2690314
2690341
2690413
2690431
2691034
2691043
2691304
2691340
2691403
2691430
2693014
2693041
2693104
2693140
2693401
2693410
2694013
2694031
2694103
2694130
2694301
2694310
2901346
2901364
2901436
2901463
2901634
2901643
2903146
2903164
2903416
2903461
2903614
2903641
2904136
2904163
2904316
2904361
2904613
2904631
2906134
2906143
2906314
2906341
2906413
2906431
2910346
2910364
2910436
2910463
2910634
2910643
2913046
2913064
2913406
2913460
2913604
2913640
2914036
2914063
2914306
2914360
2914603
2914630
2916034
2916043
2916304
2916340
2916403
2916430
2930146
2930164
2930416
2930461
2930614
2930641
2931046
2931064
2931406
2931460
2931604
2931640
2934016
2934061
2934106
2934160
2934601
2934610
2936014
2936041
2936104
2936140
2936401
2936410
2940136
2940163
2940316
2940361
2940613
2940631
2941036
2941063
2941306
2941360
2941603
2941630
2943016
2943061
2943106
2943160
2943601
2943610
2946013
2946031
2946103
2946130
2946301
2946310
2960134
2960143
2960314
2960341
2960413
2960431
2961034
2961043
2961304
2961340
2961403
2961430
2963014
2963041
2963104
2963140
2963401
2963410
2964013
2964031
2964103
2964130
2964301
2964310
3012469
3012496
3012649
3012694
3012946
3012964
3014269
3014296
3014629
3014692
3014926
3014962
3016249
3016294
3016429
3016492
3016924
3016942
3019246
3019264
3019426
3019462
3019624
3019642
3021469
3021496
3021649
3021694
3021946
3021964
3024169
3024196
3024619
3024691
3024916
3024961
3026149
3026194
3026419
3026491
3026914
3026941
3029146
3029164
3029416
3029461
3029614
3029641
3041269
3041296
3041629
3041692
3041926
3041962
3042169
3042196
3042619
3042691
3042916
3042961
3046129
3046192
3046219
3046291
3046912
3046921
3049126
3049162
3049216
3049261
3049612
3049621
3061249
3061294
3061429
3061492
3061924
3061942
3062149
3062194
3062419
3062491
3062914
3062941
3064129
3064192
3064219
3064291
3064912
3064921
3069124
3069142
3069214
3069241
3069412
3069421
3091246
3091264
3091426
3091462
3091624
3091642
3092146
3092164
3092416
3092461
3092614
3092641
3094126
3094162
3094216
3094261
3094612
3094621
3096124
3096142
3096214
3096241
3096412
3096421
3102469
3102496
3102649
3102694
3102946
3102964
3104269
3104296
3104629
3104692
3104926
3104962
3106249
3106294
3106429
3106492
3106924
3106942
3109246
3109264
3109426
3109462
3109624
3109642
3120469
3120496
3120649
3120694
3120946
3120964
3124069
3124096
3124609
3124690
3124906
3124960
3126049
3126094
3126409
3126490
3126904
3126940
3129046
3129064
3129406
3129460
3129604
3129640
3140269
3140296
3140629
3140692
3140926
3140962
3142069
3142096
3142609
3142690
3142906
3142960
3146029
3146092
3146209
3146290
3146902
3146920
3149026
3149062
3149206
3149260
3149602
3149620
3160249
3160294
3160429
3160492
3160924
3160942
3162049
3162094
3162409
3162490
3162904
3162940
3164029
3164092
3164209
3164290
3164902
3164920
3169024
3169042
3169204
3169240
3169402
3169420
3190246
3190264
3190426
3190462
3190624
3190642
3192046
3192064
3192406
3192460
3192604
3192640
3194026
3194062
3194206
3194260
3194602
3194620
3196024
3196042
3196204
3196240
3196402
3196420
3201469
3201496
3201649
3201694
3201946
3201964
3204169
3204196
3204619
3204691
3204916
3204961
3206149
3206194
3206419
3206491
3206914
3206941
3209146
3209164
3209416
3209461
3209614
3209641
3210469
3210496
3210649
3210694
3210946
3210964
3214069
3214096
3214609
3214690
3214906
3214960
3216049
3216094
3216409
3216490
3216904
3216940
3219046
3219064
3219406
3219460
3219604
3219640
3240169
3240196
3240619
3240691
3240916
3240961
3241069
3241096
3241609
3241690
3241906
3241960
3246019
3246091
3246109
3246190
3246901
3246910
3249016
3249061
3249106
3249160
3249601
3249610
3260149
3260194
3260419
3260491
3260914
3260941
3261049
3261094
3261409
3261490
3261904
3261940
3264019
3264091
3264109
3264190
3264901
3264910
3269014
3269041
3269104
3269140
3269401
3269410
3290146
3290164
3290416
3290461
3290614
3290641
3291046
3291064
3291406
3291460
3291604
3291640
3294016
3294061
3294106
3294160
3294601
3294610
3296014
3296041
3296104
3296140
3296401
3296410
3401269
3401296
3401629
3401692
3401926
3401962
3402169
3402196
3402619
3402691
3402916
3402961
3406129
3406192
3406219
3406291
3406912
3406921
3409126
3409162
3409216
3409261
3409612
3409621
3410269
3410296
3410629
3410692
3410926
3410962
3412069
3412096
3412609
3412690
3412906
3412960
3416029
3416092
3416209
3416290
3416902
3416920
3419026
3419062
3419206
3419260
3419602
3419620
3420169
3420196
3420619
3420691
3420916
3420961
3421069
3421096
3421609
3421690
3421906
3421960
3426019
3426091
3426109
3426190
3426901
3426910
3429016
3429061
3429106
3429160
3429601
3429610
3460129
3460192
3460219
3460291
3460912
3460921
3461029
3461092
3461209
3461290
3461902
3461920
3462019
3462091
3462109
3462190
3462901
3462910
3469012
3469021
3469102
3469120
3469201
3469210
3490126
3490162
3490216
3490261
3490612
3490621
3491026
3491062
3491206
3491260
3491602
3491620
3492016
3492061
3492106
3492160
3492601
3492610
3496012
3496021
3496102
3496120
3496201
3496210
3601249
3601294
3601429
3601492
3601924
3601942
3602149
3602194
3602419
3602491
3602914
3602941
3604129
3604192
3604219
3604291
3604912
3604921
3609124
3609142
3609214
3609241
3609412
3609421
3610249
3610294
3610429
3610492
3610924
3610942
3612049
3612094
3612409
3612490
3612904
3612940
3614029
3614092
3614209
3614290
3614902
3614920
3619024
3619042
3619204
3619240
3619402
3619420
3620149
3620194
3620419
3620491
3620914
3620941
3621049
3621094
3621409
3621490
3621904
3621940
3624019
3624091
3624109
3624190
3624901
3624910
3629014
3629041
3629104
3629140
3629401
3629410
3640129
3640192
3640219
3640291
3640912
3640921
3641029
3641092
3641209
3641290
3641902
3641920
3642019
3642091
3642109
3642190
3642901
3642910
3649012
3649021
3649102
3649120
3649201
3649210
3690124
3690142
3690214
3690241
3690412
3690421
3691024
3691042
3691204
3691240
3691402
3691420
3692014
3692041
3692104
3692140
3692401
3692410
3694012
3694021
3694102
3694120
3694201
3694210
3901246
3901264
3901426
3901462
3901624
3901642
3902146
3902164
3902416
3902461
3902614
3902641
3904126
3904162
3904216
3904261
3904612
3904621
3906124
3906142
3906214
3906241
3906412
3906421
3910246
3910264
3910426
3910462
3910624
3910642
3912046
3912064
3912406
3912460
3912604
3912640
3914026
3914062
3914206
3914260
3914602
3914620
3916024
3916042
3916204
3916240
3916402
3916420
3920146
3920164
3920416
3920461
3920614
3920641
3921046
3921064
3921406
3921460
3921604
3921640
3924016
3924061
3924106
3924160
3924601
3924610
3926014
3926041
3926104
3926140
3926401
3926410
3940126
3940162
3940216
3940261
3940612
3940621
3941026
3941062
3941206
3941260
3941602
3941620
3942016
3942061
3942106
3942160
3942601
3942610
3946012
3946021
3946102
3946120
3946201
3946210
3960124
3960142
3960214
3960241
3960412
3960421
3961024
3961042
3961204
3961240
3961402
3961420
3962014
3962041
3962104
3962140
3962401
3962410
3964012
3964021
3964102
3964120
3964201
3964210
4012369
4012396
4012639
4012693
4012936
4012963
4013269
4013296
4013629
4013692
4013926
4013962
4016239
4016293
4016329
4016392
4016923
4016932
4019236
4019263
4019326
4019362
4019623
4019632
4021369
4021396
4021639
4021693
4021936
4021963
4023169
4023196
4023619
4023691
4023916
4023961
4026139
4026193
4026319
4026391
4026913
4026931
4029136
4029163
4029316
4029361
4029613
4029631
4031269
4031296
4031629
4031692
4031926
4031962
4032169
4032196
4032619
4032691
4032916
4032961
4036129
4036192
4036219
4036291
4036912
4036921
4039126
4039162
4039216
4039261
4039612
4039621
4061239
4061293
4061329
4061392
4061923
4061932
4062139
4062193
4062319
4062391
4062913
4062931
4063129
4063192
4063219
4063291
4063912
4063921
4069123
4069132
4069213
4069231
4069312
4069321
4091236
4091263
4091326
4091362
4091623
4091632
4092136
4092163
4092316
4092361
4092613
4092631
4093126
4093162
4093216
4093261
4093612
4093621
4096123
4096132
4096213
4096231
4096312
4096321
4102369
4102396
4102639
4102693
4102936
4102963
4103269
4103296
4103629
4103692
4103926
4103962
4106239
4106293
4106329
4106392
4106923
4106932
4109236
4109263
4109326
4109362
4109623
4109632
4120369
4120396
4120639
4120693
4120936
4120963
4123069
4123096
4123609
4123690
4123906
4123960
4126039
4126093
4126309
4126390
4126903
4126930
4129036
4129063
4129306
4129360
4129603
4129630
4130269
4130296
4130629
4130692
4130926
4130962
4132069
4132096
4132609
4132690
4132906
4132960
4136029
4136092
4136209
4136290
4136902
4136920
4139026
4139062
4139206
4139260
4139602
4139620
4160239
4160293
4160329
4160392
4160923
4160932
4162039
4162093
4162309
4162390
4162903
4162930
4163029
4163092
4163209
4163290
4163902
4163920
4169023
4169032
4169203
4169230
4169302
4169320
4190236
4190263
4190326
4190362
4190623
4190632
4192036
4192063
4192306
4192360
4192603
4192630
4193026
4193062
4193206
4193260
4193602
4193620
4196023
4196032
4196203
4196230
4196302
4196320
4201369
4201396
4201639
4201693
4201936
4201963
4203169
4203196
4203619
4203691
4203916
4203961
4206139
4206193
4206319
4206391
4206913
4206931
4209136
4209163
4209316
4209361
4209613
4209631
4210369
4210396
4210639
4210693
4210936
4210963
4213069
4213096
4213609
4213690
4213906
4213960
4216039
4216093
4216309
4216390
4216903
4216930
4219036
4219063
4219306
4219360
4219603
4219630
4230169
4230196
4230619
4230691
4230916
4230961
4231069
4231096
4231609
4231690
4231906
4231960
4236019
4236091
4236109
4236190
4236901
4236910
4239016
4239061
4239106
4239160
4239601
4239610
4260139
4260193
4260319
4260391
4260913
4260931
4261039
4261093
4261309
4261390
4261903
4261930
4263019
4263091
4263109
4263190
4263901
4263910
4269013
4269031
4269103
4269130
4269301
4269310
4290136
4290163
4290316
4290361
4290613
4290631
4291036
4291063
4291306
4291360
4291603
4291630
4293016
4293061
4293106
4293160
4293601
4293610
4296013
4296031
4296103
4296130
4296301
4296310
4301269
4301296
4301629
4301692
4301926
4301962
4302169
4302196
4302619
4302691
4302916
4302961
4306129
4306192
4306219
4306291
4306912
4306921
4309126
4309162
4309216
4309261
4309612
4309621
4310269
4310296
4310629
4310692
4310926
4310962
4312069
4312096
4312609
4312690
4312906
4312960
4316029
4316092
4316209
4316290
4316902
4316920
4319026
4319062
4319206
4319260
4319602
4319620
4320169
4320196
4320619
4320691
4320916
4320961
4321069
4321096
4321609
4321690
4321906
4321960
4326019
4326091
4326109
4326190
4326901
4326910
4329016
4329061
4329106
4329160
4329601
4329610
4360129
4360192
4360219
4360291
4360912
4360921
4361029
4361092
4361209
4361290
4361902
4361920
4362019
4362091
4362109
4362190
4362901
4362910
4369012
4369021
4369102
4369120
4369201
4369210
4390126
4390162
4390216
4390261
4390612
4390621
4391026
4391062
4391206
4391260
4391602
4391620
4392016
4392061
4392106
4392160
4392601
4392610
4396012
4396021
4396102
4396120
4396201
4396210
4601239
4601293
4601329
4601392
4601923
4601932
4602139
4602193
4602319
4602391
4602913
4602931
4603129
4603192
4603219
4603291
4603912
4603921
4609123
4609132
4609213
4609231
4609312
4609321
4610239
4610293
4610329
4610392
4610923
4610932
4612039
4612093
4612309
4612390
4612903
4612930
4613029
4613092
4613209
4613290
4613902
4613920
4619023
4619032
4619203
4619230
4619302
4619320
4620139
4620193
4620319
4620391
4620913
4620931
4621039
4621093
4621309
4621390
4621903
4621930
4623019
4623091
4623109
4623190
4623901
4623910
4629013
4629031
4629103
4629130
4629301
4629310
4630129
4630192
4630219
4630291
4630912
4630921
4631029
4631092
4631209
4631290
4631902
4631920
4632019
4632091
4632109
4632190
4632901
4632910
4639012
4639021
4639102
4639120
4639201
4639210
4690123
4690132
4690213
4690231
4690312
4690321
4691023
4691032
4691203
4691230
4691302
4691320
4692013
4692031
4692103
4692130
4692301
4692310
4693012
4693021
4693102
4693120
4693201
4693210
4901236
4901263
4901326
4901362
4901623
4901632
4902136
4902163
4902316
4902361
4902613
4902631
4903126
4903162
4903216
4903261
4903612
4903621
4906123
4906132
4906213
4906231
4906312
4906321
4910236
4910263
4910326
4910362
4910623
4910632
4912036
4912063
4912306
4912360
4912603
4912630
4913026
4913062
4913206
4913260
4913602
4913620
4916023
4916032
4916203
4916230
4916302
4916320
4920136
4920163
4920316
4920361
4920613
4920631
4921036
4921063
4921306
4921360
4921603
4921630
4923016
4923061
4923106
4923160
4923601
4923610
4926013
4926031
4926103
4926130
4926301
4926310
4930126
4930162
4930216
4930261
4930612
4930621
4931026
4931062
4931206
4931260
4931602
4931620
4932016
4932061
4932106
4932160
4932601
4932610
4936012
4936021
4936102
4936120
4936201
4936210
4960123
4960132
4960213
4960231
4960312
4960321
4961023
4961032
4961203
4961230
4961302
4961320
4962013
4962031
4962103
4962130
4962301
4962310
4963012
4963021
4963102
4963120
4963201
4963210
6012349
6012394
6012439
6012493
6012934
6012943
6013249
6013294
6013429
6013492
6013924
6013942
6014239
6014293
6014329
6014392
6014923
6014932
6019234
6019243
6019324
6019342
6019423
6019432
6021349
6021394
6021439
6021493
6021934
6021943
6023149
6023194
6023419
6023491
6023914
6023941
6024139
6024193
6024319
6024391
6024913
6024931
6029134
6029143
6029314
6029341
6029413
6029431
6031249
6031294
6031429
6031492
6031924
6031942
6032149
6032194
6032419
6032491
6032914
6032941
6034129
6034192
6034219
6034291
6034912
6034921
6039124
6039142
6039214
6039241
6039412
6039421
6041239
6041293
6041329
6041392
6041923
6041932
6042139
6042193
6042319
6042391
6042913
6042931
6043129
6043192
6043219
6043291
6043912
6043921
6049123
6049132
6049213
6049231
6049312
6049321
6091234
6091243
6091324
6091342
6091423
6091432
6092134
6092143
6092314
6092341
6092413
6092431
6093124
6093142
6093214
6093241
6093412
6093421
6094123
6094132
6094213
6094231
6094312
6094321
6102349
6102394
6102439
6102493
6102934
6102943
6103249
6103294
6103429
6103492
6103924
6103942
6104239
6104293
6104329
6104392
6104923
6104932
6109234
6109243
6109324
6109342
6109423
6109432
6120349
6120394
6120439
6120493
6120934
6120943
6123049
6123094
6123409
6123490
6123904
6123940
6124039
6124093
6124309
6124390
6124903
6124930
6129034
6129043
6129304
6129340
6129403
6129430
6130249
6130294
6130429
6130492
6130924
6130942
6132049
6132094
6132409
6132490
6132904
6132940
6134029
6134092
6134209
6134290
6134902
6134920
6139024
6139042
6139204
6139240
6139402
6139420
6140239
6140293
6140329
6140392
6140923
6140932
6142039
6142093
6142309
6142390
6142903
6142930
6143029
6143092
6143209
6143290
6143902
6143920
6149023
6149032
6149203
6149230
6149302
6149320
6190234
6190243
6190324
6190342
6190423
6190432
6192034
6192043
6192304
6192340
6192403
6192430
6193024
6193042
6193204
6193240
6193402
6193420
6194023
6194032
6194203
6194230
6194302
6194320
6201349
6201394
6201439
6201493
6201934
6201943
6203149
6203194
6203419
6203491
6203914
6203941
6204139
6204193
6204319
6204391
6204913
6204931
6209134
6209143
6209314
6209341
6209413
6209431
6210349
6210394
6210439
6210493
6210934
6210943
6213049
6213094
6213409
6213490
6213904
6213940
6214039
6214093
6214309
6214390
6214903
6214930
6219034
6219043
6219304
6219340
6219403
6219430
6230149
6230194
6230419
6230491
6230914
6230941
6231049
6231094
6231409
6231490
6231904
6231940
6234019
6234091
6234109
6234190
6234901
6234910
6239014
6239041
6239104
6239140
6239401
6239410
6240139
6240193
6240319
6240391
6240913
6240931
6241039
6241093
6241309
6241390
6241903
6241930
6243019
6243091
6243109
6243190
6243901
6243910
6249013
6249031
6249103
6249130
6249301
6249310
6290134
6290143
6290314
6290341
6290413
6290431
6291034
6291043
6291304
6291340
6291403
6291430
6293014
6293041
6293104
6293140
6293401
6293410
6294013
6294031
6294103
6294130
6294301
6294310
6301249
6301294
6301429
6301492
6301924
6301942
6302149
6302194
6302419
6302491
6302914
6302941
6304129
6304192
6304219
6304291
6304912
6304921
6309124
6309142
6309214
6309241
6309412
6309421
6310249
6310294
6310429
6310492
6310924
6310942
6312049
6312094
6312409
6312490
6312904
6312940
6314029
6314092
6314209
6314290
6314902
6314920
6319024
6319042
6319204
6319240
6319402
6319420
6320149
6320194
6320419
6320491
6320914
6320941
6321049
6321094
6321409
6321490
6321904
6321940
6324019
6324091
6324109
6324190
6324901
6324910
6329014
6329041
6329104
6329140
6329401
6329410
6340129
6340192
6340219
6340291
6340912
6340921
6341029
6341092
6341209
6341290
6341902
6341920
6342019
6342091
6342109
6342190
6342901
6342910
6349012
6349021
6349102
6349120
6349201
6349210
6390124
6390142
6390214
6390241
6390412
6390421
6391024
6391042
6391204
6391240
6391402
6391420
6392014
6392041
6392104
6392140
6392401
6392410
6394012
6394021
6394102
6394120
6394201
6394210
6401239
6401293
6401329
6401392
6401923
6401932
6402139
6402193
6402319
6402391
6402913
6402931
6403129
6403192
6403219
6403291
6403912
6403921
6409123
6409132
6409213
6409231
6409312
6409321
6410239
6410293
6410329
6410392
6410923
6410932
6412039
6412093
6412309
6412390
6412903
6412930
6413029
6413092
6413209
6413290
6413902
6413920
6419023
6419032
6419203
6419230
6419302
6419320
6420139
6420193
6420319
6420391
6420913
6420931
6421039
6421093
6421309
6421390
6421903
6421930
6423019
6423091
6423109
6423190
6423901
6423910
6429013
6429031
6429103
6429130
6429301
6429310
6430129
6430192
6430219
6430291
6430912
6430921
6431029
6431092
6431209
6431290
6431902
6431920
6432019
6432091
6432109
6432190
6432901
6432910
6439012
6439021
6439102
6439120
6439201
6439210
6490123
6490132
6490213
6490231
6490312
6490321
6491023
6491032
6491203
6491230
6491302
6491320
6492013
6492031
6492103
6492130
6492301
6492310
6493012
6493021
6493102
6493120
6493201
6493210
6901234
6901243
6901324
6901342
6901423
6901432
6902134
6902143
6902314
6902341
6902413
6902431
6903124
6903142
6903214
6903241
6903412
6903421
6904123
6904132
6904213
6904231
6904312
6904321
6910234
6910243
6910324
6910342
6910423
6910432
6912034
6912043
6912304
6912340
6912403
6912430
6913024
6913042
6913204
6913240
6913402
6913420
6914023
6914032
6914203
6914230
6914302
6914320
6920134
6920143
6920314
6920341
6920413
6920431
6921034
6921043
6921304
6921340
6921403
6921430
6923014
6923041
6923104
6923140
6923401
6923410
6924013
6924031
6924103
6924130
6924301
6924310
6930124
6930142
6930214
6930241
6930412
6930421
6931024
6931042
6931204
6931240
6931402
6931420
6932014
6932041
6932104
6932140
6932401
6932410
6934012
6934021
6934102
6934120
6934201
6934210
6940123
6940132
6940213
6940231
6940312
6940321
6941023
6941032
6941203
6941230
6941302
6941320
6942013
6942031
6942103
6942130
6942301
6942310
6943012
6943021
6943102
6943120
6943201
6943210
9012346
9012364
9012436
9012463
9012634
9012643
9013246
9013264
9013426
9013462
9013624
9013642
9014236
9014263
9014326
9014362
9014623
9014632
9016234
9016243
9016324
9016342
9016423
9016432
9021346
9021364
9021436
9021463
9021634
9021643
9023146
9023164
9023416
9023461
9023614
9023641
9024136
9024163
9024316
9024361
9024613
9024631
9026134
9026143
9026314
9026341
9026413
9026431
9031246
9031264
9031426
9031462
9031624
9031642
9032146
9032164
9032416
9032461
9032614
9032641
9034126
9034162
9034216
9034261
9034612
9034621
9036124
9036142
9036214
9036241
9036412
9036421
9041236
9041263
9041326
9041362
9041623
9041632
9042136
9042163
9042316
9042361
9042613
9042631
9043126
9043162
9043216
9043261
9043612
9043621
9046123
9046132
9046213
9046231
9046312
9046321
9061234
9061243
9061324
9061342
9061423
9061432
9062134
9062143
9062314
9062341
9062413
9062431
9063124
9063142
9063214
9063241
9063412
9063421
9064123
9064132
9064213
9064231
9064312
9064321
9102346
9102364
9102436
9102463
9102634
9102643
9103246
9103264
9103426
9103462
9103624
9103642
9104236
9104263
9104326
9104362
9104623
9104632
9106234
9106243
9106324
9106342
9106423
9106432
9120346
9120364
9120436
9120463
9120634
9120643
9123046
9123064
9123406
9123460
9123604
9123640
9124036
9124063
9124306
9124360
9124603
9124630
9126034
9126043
9126304
9126340
9126403
9126430
9130246
9130264
9130426
9130462
9130624
9130642
9132046
9132064
9132406
9132460
9132604
9132640
9134026
9134062
9134206
9134260
9134602
9134620
9136024
9136042
9136204
9136240
9136402
9136420
9140236
9140263
9140326
9140362
9140623
9140632
9142036
9142063
9142306
9142360
9142603
9142630
9143026
9143062
9143206
9143260
9143602
9143620
9146023
9146032
9146203
9146230
9146302
9146320
9160234
9160243
9160324
9160342
9160423
9160432
9162034
9162043
9162304
9162340
9162403
9162430
9163024
9163042
9163204
9163240
9163402
9163420
9164023
9164032
9164203
9164230
9164302
9164320
9201346
9201364
9201436
9201463
9201634
9201643
9203146
9203164
9203416
9203461
9203614
9203641
9204136
9204163
9204316
9204361
9204613
9204631
9206134
9206143
9206314
9206341
9206413
9206431
9210346
9210364
9210436
9210463
9210634
9210643
9213046
9213064
9213406
9213460
9213604
9213640
9214036
9214063
9214306
9214360
9214603
9214630
9216034
9216043
9216304
9216340
9216403
9216430
9230146
9230164
9230416
9230461
9230614
9230641
9231046
9231064
9231406
9231460
9231604
9231640
9234016
9234061
9234106
9234160
9234601
9234610
9236014
9236041
9236104
9236140
9236401
9236410
9240136
9240163
9240316
9240361
9240613
9240631
9241036
9241063
9241306
9241360
9241603
9241630
9243016
9243061
9243106
9243160
9243601
9243610
9246013
9246031
9246103
9246130
9246301
9246310
9260134
9260143
9260314
9260341
9260413
9260431
9261034
9261043
9261304
9261340
9261403
9261430
9263014
9263041
9263104
9263140
9263401
9263410
9264013
9264031
9264103
9264130
9264301
9264310
9301246
9301264
9301426
9301462
9301624
9301642
9302146
9302164
9302416
9302461
9302614
9302641
9304126
9304162
9304216
9304261
9304612
9304621
9306124
9306142
9306214
9306241
9306412
9306421
9310246
9310264
9310426
9310462
9310624
9310642
9312046
9312064
9312406
9312460
9312604
9312640
9314026
9314062
9314206
9314260
9314602
9314620
9316024
9316042
9316204
9316240
9316402
9316420
9320146
9320164
9320416
9320461
9320614
9320641
9321046
9321064
9321406
9321460
9321604
9321640
9324016
9324061
9324106
9324160
9324601
9324610
9326014
9326041
9326104
9326140
9326401
9326410
9340126
9340162
9340216
9340261
9340612
9340621
9341026
9341062
9341206
9341260
9341602
9341620
9342016
9342061
9342106
9342160
9342601
9342610
9346012
9346021
9346102
9346120
9346201
9346210
9360124
9360142
9360214
9360241
9360412
9360421
9361024
9361042
9361204
9361240
9361402
9361420
9362014
9362041
9362104
9362140
9362401
9362410
9364012
9364021
9364102
9364120
9364201
9364210
9401236
9401263
9401326
9401362
9401623
9401632
9402136
9402163
9402316
9402361
9402613
9402631
9403126
9403162
9403216
9403261
9403612
9403621
9406123
9406132
9406213
9406231
9406312
9406321
9410236
9410263
9410326
9410362
9410623
9410632
9412036
9412063
9412306
9412360
9412603
9412630
9413026
9413062
9413206
9413260
9413602
9413620
9416023
9416032
9416203
9416230
9416302
9416320
9420136
9420163
9420316
9420361
9420613
9420631
9421036
9421063
9421306
9421360
9421603
9421630
9423016
9423061
9423106
9423160
9423601
9423610
9426013
9426031
9426103
9426130
9426301
9426310
9430126
9430162
9430216
9430261
9430612
9430621
9431026
9431062
9431206
9431260
9431602
9431620
9432016
9432061
9432106
9432160
9432601
9432610
9436012
9436021
9436102
9436120
9436201
9436210
9460123
9460132
9460213
9460231
9460312
9460321
9461023
9461032
9461203
9461230
9461302
9461320
9462013
9462031
9462103
9462130
9462301
9462310
9463012
9463021
9463102
9463120
9463201
9463210
9601234
9601243
9601324
9601342
9601423
9601432
9602134
9602143
9602314
9602341
9602413
9602431
9603124
9603142
9603214
9603241
9603412
9603421
9604123
9604132
9604213
9604231
9604312
9604321
9610234
9610243
9610324
9610342
9610423
9610432
9612034
9612043
9612304
9612340
9612403
9612430
9613024
9613042
9613204
9613240
9613402
9613420
9614023
9614032
9614203
9614230
9614302
9614320
9620134
9620143
9620314
9620341
9620413
9620431
9621034
9621043
9621304
9621340
9621403
9621430
9623014
9623041
9623104
9623140
9623401
9623410
9624013
9624031
9624103
9624130
9624301
9624310
9630124
9630142
9630214
9630241
9630412
9630421
9631024
9631042
9631204
9631240
9631402
9631420
9632014
9632041
9632104
9632140
9632401
9632410
9634012
9634021
9634102
9634120
9634201
9634210
9640123
9640132
9640213
9640231
9640312
9640321
9641023
9641032
9641203
9641230
9641302
9641320
9642013
9642031
9642103
9642130
9642301
9642310
9643012
9643021
9643102
9643120
9643201
9643210
